time start: 2019-01-08 09:59:09.727728
time end: 2019-01-08 09:59:14.463064
duration: 0:00:04.735336
loops: 20
self.scoring: recall_10
best_score: 0.7142857142857143
sfs_type: SFS
num_features: 2
selected_features_idx: (4, 6)
n_neighbors: 5
