time start: 2018-12-19 05:22:57.383704
time end: 2018-12-19 05:22:59.047256
duration: 0:00:01.663552
loops: 10
self.scoring: accuracy
best_score: 0.9800000000000001
sfs_type: SFS
num_features: 2
selected_features_idx: (2, 3)
n_neighbors: 1
