time start: 2019-01-08 10:25:15.118196
time end: 2019-01-08 10:25:19.885411
duration: 0:00:04.767215
loops: 20
self.scoring: precision_4
best_score: 0.9380392156862746
sfs_type: SFS
num_features: 3
selected_features_idx: (0, 4, 5)
n_neighbors: 1
