time start: 2019-01-08 01:35:56.966598
time end: 2019-01-08 01:36:03.696600
duration: 0:00:06.730002
loops: 20
self.scoring: recall_macro
best_score: 0.8361344537815126
sfs_type: SBS
num_features: 5
selected_features_idx: (0, 3, 4, 5, 6)
n_neighbors: 1
