time start: 2019-01-08 01:39:52.498760
time end: 2019-01-08 01:39:57.977073
duration: 0:00:05.478313
loops: 20
self.scoring: f1_score_13
best_score: 0.993103448275862
sfs_type: SFS
num_features: 4
selected_features_idx: (2, 5, 6, 7)
n_neighbors: 5
