time start: 2019-01-08 09:56:55.113721
time end: 2019-01-08 09:57:00.307831
duration: 0:00:05.194110
loops: 20
self.scoring: recall_1
best_score: 0.9571428571428571
sfs_type: SFS
num_features: 2
selected_features_idx: (3, 5)
n_neighbors: 2
