time start: 2019-01-08 17:19:27.711701
time end: 2019-01-08 17:19:34.190375
duration: 0:00:06.478674
loops: 20
self.scoring: recall_12
best_score: 1.0
sfs_type: SFS
num_features: 6
selected_features_idx: (0, 1, 2, 3, 4, 5)
n_neighbors: 3
