time start: 2019-01-08 17:18:57.628152
time end: 2019-01-08 17:19:02.896064
duration: 0:00:05.267912
loops: 20
self.scoring: precision_10
best_score: 0.9019841269841271
sfs_type: SFS
num_features: 5
selected_features_idx: (1, 3, 4, 5, 7)
n_neighbors: 9
