time start: 2019-01-08 17:17:31.313978
time end: 2019-01-08 17:17:36.602836
duration: 0:00:05.288858
loops: 20
self.scoring: f1_score_4
best_score: 0.8929882409025902
sfs_type: SFS
num_features: 3
selected_features_idx: (0, 4, 5)
n_neighbors: 5
