time start: 2019-01-08 01:40:39.296575
time end: 2019-01-08 01:40:44.534567
duration: 0:00:05.237992
loops: 20
self.scoring: precision_16
best_score: 1.0
sfs_type: SBS
num_features: 7
selected_features_idx: (0, 1, 2, 3, 4, 5, 7)
n_neighbors: 4
