time start: 2019-01-08 01:35:50.344309
time end: 2019-01-08 01:35:56.710284
duration: 0:00:06.365975
loops: 20
self.scoring: f1_score_micro
best_score: 0.8142857142857143
sfs_type: SBS
num_features: 3
selected_features_idx: (0, 3, 4)
n_neighbors: 3
