time start: 2019-01-08 10:00:18.917697
time end: 2019-01-08 10:00:23.218194
duration: 0:00:04.300497
loops: 20
self.scoring: f1_score_14
best_score: 0.9062571888658846
sfs_type: SFS
num_features: 3
selected_features_idx: (4, 5, 6)
n_neighbors: 3
