time start: 2019-01-08 10:00:27.468828
time end: 2019-01-08 10:00:31.915937
duration: 0:00:04.447109
loops: 20
self.scoring: precision_15
best_score: 1.0
sfs_type: SFS
num_features: 4
selected_features_idx: (0, 2, 4, 5)
n_neighbors: 5
