time start: 2019-01-08 01:36:34.857274
time end: 2019-01-08 01:36:40.245859
duration: 0:00:05.388585
loops: 20
self.scoring: recall_2
best_score: 0.8714285714285716
sfs_type: SFS
num_features: 2
selected_features_idx: (4, 6)
n_neighbors: 4
