time start: 2019-01-08 17:16:14.955182
time end: 2019-01-08 17:16:22.589765
duration: 0:00:07.634583
loops: 20
self.scoring: recall_micro
best_score: 0.8420168067226891
sfs_type: SFS
num_features: 4
selected_features_idx: (0, 4, 5, 6)
n_neighbors: 1
