time start: 2019-01-08 10:26:13.286604
time end: 2019-01-08 10:26:18.639291
duration: 0:00:05.352687
loops: 20
self.scoring: recall_8
best_score: 0.9857142857142858
sfs_type: SFS
num_features: 3
selected_features_idx: (0, 4, 7)
n_neighbors: 1
