time start: 2019-01-08 09:58:10.134098
time end: 2019-01-08 09:58:15.194564
duration: 0:00:05.060466
loops: 20
self.scoring: recall_6
best_score: 0.7571428571428572
sfs_type: SFS
num_features: 2
selected_features_idx: (2, 4)
n_neighbors: 4
