time start: 2019-01-08 10:26:47.873110
time end: 2019-01-08 10:26:53.228788
duration: 0:00:05.355678
loops: 20
self.scoring: precision_10
best_score: 0.9214285714285715
sfs_type: SFS
num_features: 5
selected_features_idx: (0, 1, 3, 4, 6)
n_neighbors: 5
