time start: 2019-01-08 09:56:25.094998
time end: 2019-01-08 09:56:30.123552
duration: 0:00:05.028554
loops: 20
self.scoring: f1_score_micro
best_score: 0.8260504201680673
sfs_type: SFS
num_features: 3
selected_features_idx: (4, 5, 6)
n_neighbors: 2
