time start: 2019-01-08 10:00:49.879896
time end: 2019-01-08 10:00:54.410778
duration: 0:00:04.530882
loops: 20
self.scoring: recall_17
best_score: 1.0
sfs_type: SFS
num_features: 5
selected_features_idx: (0, 3, 4, 5, 7)
n_neighbors: 8
