time start: 2019-01-08 01:40:03.976031
time end: 2019-01-08 01:40:09.502252
duration: 0:00:05.526221
loops: 20
self.scoring: precision_14
best_score: 0.9469696969696969
sfs_type: SFS
num_features: 7
selected_features_idx: (0, 1, 2, 3, 5, 6, 7)
n_neighbors: 2
