time start: 2019-01-08 09:56:34.852940
time end: 2019-01-08 09:56:40.231520
duration: 0:00:05.378580
loops: 20
self.scoring: recall_micro
best_score: 0.8394957983193277
sfs_type: SFS
num_features: 5
selected_features_idx: (0, 2, 3, 4, 5)
n_neighbors: 1
