time start: 2019-01-08 10:00:00.153876
time end: 2019-01-08 10:00:04.709691
duration: 0:00:04.555815
loops: 20
self.scoring: precision_13
best_score: 0.9866666666666667
sfs_type: SFS
num_features: 3
selected_features_idx: (5, 6, 7)
n_neighbors: 2
