time start: 2019-01-08 10:23:48.837897
time end: 2019-01-08 10:23:55.798283
duration: 0:00:06.960386
loops: 20
self.scoring: recall_micro
best_score: 0.8092436974789916
sfs_type: SFS
num_features: 4
selected_features_idx: (0, 4, 5, 6)
n_neighbors: 3
