time start: 2019-01-08 09:58:25.462106
time end: 2019-01-08 09:58:31.691447
duration: 0:00:06.229341
loops: 20
self.scoring: recall_7
best_score: 0.8571428571428573
sfs_type: SFS
num_features: 2
selected_features_idx: (2, 5)
n_neighbors: 1
