time start: 2019-01-08 10:27:02.957803
time end: 2019-01-08 10:27:08.187784
duration: 0:00:05.229981
loops: 20
self.scoring: precision_11
best_score: 0.8906449106449106
sfs_type: SFS
num_features: 3
selected_features_idx: (3, 4, 5)
n_neighbors: 9
