time start: 2019-01-08 10:24:55.802815
time end: 2019-01-08 10:25:01.190407
duration: 0:00:05.387592
loops: 20
self.scoring: precision_3
best_score: 0.907563025210084
sfs_type: SFS
num_features: 2
selected_features_idx: (1, 5)
n_neighbors: 3
