time start: 2019-01-08 09:56:30.175413
time end: 2019-01-08 09:56:34.790072
duration: 0:00:04.614659
loops: 20
self.scoring: recall_macro
best_score: 0.8403361344537815
sfs_type: SFS
num_features: 4
selected_features_idx: (0, 3, 4, 5)
n_neighbors: 1
