time start: 2019-01-08 09:57:25.994138
time end: 2019-01-08 09:57:31.082530
duration: 0:00:05.088392
loops: 20
self.scoring: recall_3
best_score: 0.9142857142857143
sfs_type: SFS
num_features: 3
selected_features_idx: (1, 3, 5)
n_neighbors: 2
