time start: 2019-01-08 09:58:20.690866
time end: 2019-01-08 09:58:25.425204
duration: 0:00:04.734338
loops: 20
self.scoring: f1_score_6
best_score: 0.9787994891443168
sfs_type: SFS
num_features: 2
selected_features_idx: (4, 5)
n_neighbors: 1
