time start: 2019-01-08 01:41:01.908142
time end: 2019-01-08 01:41:08.192300
duration: 0:00:06.284158
loops: 20
self.scoring: f1_score_17
best_score: 0.993103448275862
sfs_type: SBS
num_features: 3
selected_features_idx: (0, 4, 5)
n_neighbors: 1
