time start: 2019-01-08 10:00:09.922752
time end: 2019-01-08 10:00:14.595258
duration: 0:00:04.672506
loops: 20
self.scoring: recall_14
best_score: 0.8142857142857144
sfs_type: SFS
num_features: 6
selected_features_idx: (0, 1, 2, 4, 5, 6)
n_neighbors: 1
