time start: 2019-01-08 17:17:14.089043
time end: 2019-01-08 17:17:19.926435
duration: 0:00:05.837392
loops: 20
self.scoring: f1_score_3
best_score: 0.8729855585028
sfs_type: SFS
num_features: 2
selected_features_idx: (1, 5)
n_neighbors: 6
