time start: 2019-01-08 17:16:53.692588
time end: 2019-01-08 17:16:59.140020
duration: 0:00:05.447432
loops: 20
self.scoring: precision_2
best_score: 0.9012698412698412
sfs_type: SFS
num_features: 3
selected_features_idx: (4, 5, 7)
n_neighbors: 1
