time start: 2019-01-08 09:58:45.485559
time end: 2019-01-08 09:58:51.301008
duration: 0:00:05.815449
loops: 20
self.scoring: precision_8
best_score: 0.9733333333333334
sfs_type: SFS
num_features: 3
selected_features_idx: (0, 4, 5)
n_neighbors: 6
