time start: 2019-01-08 10:25:41.646218
time end: 2019-01-08 10:25:47.703022
duration: 0:00:06.056804
loops: 20
self.scoring: recall_6
best_score: 0.9142857142857143
sfs_type: SFS
num_features: 3
selected_features_idx: (4, 5, 7)
n_neighbors: 1
