time start: 2019-01-08 10:00:54.457654
time end: 2019-01-08 10:01:00.127489
duration: 0:00:05.669835
loops: 20
self.scoring: precision_17
best_score: 0.9866666666666667
sfs_type: SFS
num_features: 6
selected_features_idx: (0, 2, 4, 5, 6, 7)
n_neighbors: 5
