time start: 2019-01-08 10:25:25.148338
time end: 2019-01-08 10:25:30.440185
duration: 0:00:05.291847
loops: 20
self.scoring: recall_5
best_score: 1.0
sfs_type: SFS
num_features: 5
selected_features_idx: (0, 1, 2, 3, 7)
n_neighbors: 9
