time start: 2019-01-08 10:25:52.703683
time end: 2019-01-08 10:25:57.380141
duration: 0:00:04.676458
loops: 20
self.scoring: f1_score_6
best_score: 0.9197720797720799
sfs_type: SFS
num_features: 2
selected_features_idx: (4, 5)
n_neighbors: 2
