time start: 2019-01-08 10:00:31.964804
time end: 2019-01-08 10:00:36.347086
duration: 0:00:04.382282
loops: 20
self.scoring: f1_score_15
best_score: 0.9714103265827404
sfs_type: SFS
num_features: 5
selected_features_idx: (0, 2, 3, 4, 5)
n_neighbors: 3
