time start: 2019-01-08 17:16:48.059652
time end: 2019-01-08 17:16:53.653692
duration: 0:00:05.594040
loops: 20
self.scoring: recall_2
best_score: 0.9571428571428571
sfs_type: SFS
num_features: 2
selected_features_idx: (4, 5)
n_neighbors: 1
