time start: 2019-01-08 17:20:53.391571
time end: 2019-01-08 17:20:59.065397
duration: 0:00:05.673826
loops: 20
self.scoring: f1_score_16
best_score: 0.9108148148148147
sfs_type: SFS
num_features: 2
selected_features_idx: (2, 5)
n_neighbors: 1
