time start: 2019-01-08 09:57:04.989311
time end: 2019-01-08 09:57:10.195388
duration: 0:00:05.206077
loops: 20
self.scoring: f1_score_1
best_score: 0.9342960998133412
sfs_type: SFS
num_features: 7
selected_features_idx: (0, 1, 2, 3, 5, 6, 7)
n_neighbors: 4
