time start: 2019-01-08 09:59:50.103753
time end: 2019-01-08 09:59:55.424523
duration: 0:00:05.320770
loops: 20
self.scoring: f1_score_12
best_score: 1.0
sfs_type: SFS
num_features: 3
selected_features_idx: (0, 1, 3)
n_neighbors: 1
