time start: 2019-01-08 01:37:35.565953
time end: 2019-01-08 01:37:41.292604
duration: 0:00:05.726651
loops: 20
self.scoring: f1_score_5
best_score: 0.9526436781609195
sfs_type: SFS
num_features: 7
selected_features_idx: (0, 1, 2, 3, 4, 5, 6)
n_neighbors: 9
