time start: 2019-01-08 17:20:48.592406
time end: 2019-01-08 17:20:53.345693
duration: 0:00:04.753287
loops: 20
self.scoring: precision_16
best_score: 1.0
sfs_type: SFS
num_features: 3
selected_features_idx: (1, 5, 6)
n_neighbors: 5
