time start: 2019-01-08 10:27:14.089003
time end: 2019-01-08 10:27:21.173056
duration: 0:00:07.084053
loops: 20
self.scoring: recall_12
best_score: 1.0
sfs_type: SFS
num_features: 4
selected_features_idx: (0, 1, 2, 3)
n_neighbors: 6
