time start: 2019-01-08 17:20:04.512287
time end: 2019-01-08 17:20:10.568093
duration: 0:00:06.055806
loops: 20
self.scoring: recall_14
best_score: 0.8428571428571431
sfs_type: SFS
num_features: 6
selected_features_idx: (0, 1, 2, 4, 5, 6)
n_neighbors: 3
