time start: 2019-01-08 17:20:36.720156
time end: 2019-01-08 17:20:42.670243
duration: 0:00:05.950087
loops: 20
self.scoring: f1_score_15
best_score: 0.9475783475783477
sfs_type: SFS
num_features: 3
selected_features_idx: (4, 5, 6)
n_neighbors: 3
