time start: 2019-01-08 17:20:10.620951
time end: 2019-01-08 17:20:17.140517
duration: 0:00:06.519566
loops: 20
self.scoring: precision_14
best_score: 0.9205128205128205
sfs_type: SFS
num_features: 4
selected_features_idx: (0, 2, 4, 5)
n_neighbors: 2
