time start: 2019-01-08 09:59:45.768346
time end: 2019-01-08 09:59:50.054882
duration: 0:00:04.286536
loops: 20
self.scoring: precision_12
best_score: 0.9866666666666667
sfs_type: SFS
num_features: 2
selected_features_idx: (2, 3)
n_neighbors: 2
