time start: 2019-01-08 09:59:55.464416
time end: 2019-01-08 10:00:00.106003
duration: 0:00:04.641587
loops: 20
self.scoring: recall_13
best_score: 1.0
sfs_type: SFS
num_features: 3
selected_features_idx: (0, 1, 6)
n_neighbors: 5
