time start: 2019-01-08 17:18:46.863939
time end: 2019-01-08 17:18:51.457654
duration: 0:00:04.593715
loops: 20
self.scoring: f1_score_9
best_score: 0.9293937708565073
sfs_type: SFS
num_features: 6
selected_features_idx: (0, 1, 2, 4, 5, 6)
n_neighbors: 1
