time start: 2019-01-08 09:59:00.759715
time end: 2019-01-08 09:59:04.971448
duration: 0:00:04.211733
loops: 20
self.scoring: precision_9
best_score: 0.8844444444444445
sfs_type: SFS
num_features: 3
selected_features_idx: (4, 5, 6)
n_neighbors: 1
