time start: 2019-01-08 10:28:09.464912
time end: 2019-01-08 10:28:14.331896
duration: 0:00:04.866984
loops: 20
self.scoring: recall_15
best_score: 0.9571428571428571
sfs_type: SFS
num_features: 7
selected_features_idx: (0, 1, 2, 3, 4, 5, 7)
n_neighbors: 1
