time start: 2019-01-08 01:37:22.229584
time end: 2019-01-08 01:37:29.386445
duration: 0:00:07.156861
loops: 20
self.scoring: recall_5
best_score: 1.0
sfs_type: SBS
num_features: 3
selected_features_idx: (0, 1, 3)
n_neighbors: 5
