time start: 2019-01-08 09:56:40.417024
time end: 2019-01-08 09:56:49.734107
duration: 0:00:09.317083
loops: 20
self.scoring: precision_macro
best_score: 0.8558015484586237
sfs_type: SFS
num_features: 3
selected_features_idx: (0, 4, 7)
n_neighbors: 1
