time start: 2019-01-08 09:58:51.353864
time end: 2019-01-08 09:58:55.699243
duration: 0:00:04.345379
loops: 20
self.scoring: f1_score_8
best_score: 0.9005320197044335
sfs_type: SFS
num_features: 3
selected_features_idx: (0, 4, 5)
n_neighbors: 1
