time start: 2019-01-08 01:37:15.640205
time end: 2019-01-08 01:37:22.187695
duration: 0:00:06.547490
loops: 20
self.scoring: f1_score_4
best_score: 0.9595402298850576
sfs_type: SBS
num_features: 3
selected_features_idx: (4, 5, 7)
n_neighbors: 7
