time start: 2019-01-08 09:57:00.366672
time end: 2019-01-08 09:57:04.938447
duration: 0:00:04.571775
loops: 20
self.scoring: precision_1
best_score: 0.9857142857142858
sfs_type: SFS
num_features: 5
selected_features_idx: (0, 1, 2, 3, 6)
n_neighbors: 8
