time start: 2019-01-08 01:40:27.398395
time end: 2019-01-08 01:40:33.549943
duration: 0:00:06.151548
loops: 20
self.scoring: f1_score_15
best_score: 0.9309450549450549
sfs_type: SBS
num_features: 4
selected_features_idx: (0, 2, 4, 7)
n_neighbors: 5
