time start: 2019-01-08 10:25:35.285230
time end: 2019-01-08 10:25:41.572416
duration: 0:00:06.287186
loops: 20
self.scoring: f1_score_5
best_score: 0.9737486095661847
sfs_type: SFS
num_features: 7
selected_features_idx: (0, 1, 2, 3, 4, 5, 6)
n_neighbors: 5
