time start: 2019-01-08 09:57:50.445748
time end: 2019-01-08 09:57:55.658807
duration: 0:00:05.213059
loops: 20
self.scoring: f1_score_4
best_score: 0.8967159277504105
sfs_type: SFS
num_features: 6
selected_features_idx: (0, 1, 2, 4, 6, 7)
n_neighbors: 1
