time start: 2019-01-08 10:24:27.347944
time end: 2019-01-08 10:24:35.655696
duration: 0:00:08.307752
loops: 20
self.scoring: recall_2
best_score: 0.9571428571428571
sfs_type: SFS
num_features: 3
selected_features_idx: (4, 5, 7)
n_neighbors: 2
