time start: 2019-01-08 10:28:55.658380
time end: 2019-01-08 10:29:01.173630
duration: 0:00:05.515250
loops: 20
self.scoring: f1_score_17
best_score: 0.993103448275862
sfs_type: SFS
num_features: 3
selected_features_idx: (4, 5, 7)
n_neighbors: 4
