time start: 2019-01-08 09:59:40.806615
time end: 2019-01-08 09:59:45.726457
duration: 0:00:04.919842
loops: 20
self.scoring: recall_12
best_score: 1.0
sfs_type: SFS
num_features: 4
selected_features_idx: (0, 1, 2, 7)
n_neighbors: 9
