time start: 2019-01-08 09:58:00.188693
time end: 2019-01-08 09:58:05.255143
duration: 0:00:05.066450
loops: 20
self.scoring: precision_5
best_score: 0.9180952380952381
sfs_type: SFS
num_features: 3
selected_features_idx: (1, 2, 6)
n_neighbors: 1
