time start: 2019-01-08 10:24:43.157637
time end: 2019-01-08 10:24:50.354385
duration: 0:00:07.196748
loops: 20
self.scoring: f1_score_2
best_score: 0.9342450142450144
sfs_type: SFS
num_features: 2
selected_features_idx: (4, 5)
n_neighbors: 1
