time start: 2019-01-08 01:40:56.416791
time end: 2019-01-08 01:41:01.846271
duration: 0:00:05.429480
loops: 20
self.scoring: precision_17
best_score: 1.0
sfs_type: SFS
num_features: 7
selected_features_idx: (0, 1, 2, 3, 4, 5, 7)
n_neighbors: 2
