time start: 2019-01-08 17:18:41.082399
time end: 2019-01-08 17:18:46.808087
duration: 0:00:05.725688
loops: 20
self.scoring: precision_9
best_score: 0.8870868347338936
sfs_type: SFS
num_features: 6
selected_features_idx: (0, 1, 2, 4, 5, 6)
n_neighbors: 1
