time start: 2019-01-08 10:00:44.800479
time end: 2019-01-08 10:00:49.832023
duration: 0:00:05.031544
loops: 20
self.scoring: f1_score_16
best_score: 0.933729716338412
sfs_type: SFS
num_features: 7
selected_features_idx: (1, 2, 3, 4, 5, 6, 7)
n_neighbors: 1
