time start: 2019-01-08 10:28:03.248538
time end: 2019-01-08 10:28:09.403078
duration: 0:00:06.154540
loops: 20
self.scoring: f1_score_14
best_score: 0.8737474632647046
sfs_type: SFS
num_features: 3
selected_features_idx: (2, 4, 5)
n_neighbors: 4
