time start: 2019-01-08 10:24:35.708553
time end: 2019-01-08 10:24:43.078851
duration: 0:00:07.370298
loops: 20
self.scoring: precision_2
best_score: 0.8708058608058609
sfs_type: SFS
num_features: 2
selected_features_idx: (0, 4)
n_neighbors: 1
