time start: 2019-01-08 09:56:20.507277
time end: 2019-01-08 09:56:25.038154
duration: 0:00:04.530877
loops: 20
self.scoring: f1_score_macro
best_score: 0.8499335657011635
sfs_type: SFS
num_features: 4
selected_features_idx: (0, 3, 4, 5)
n_neighbors: 1
