time start: 2019-01-08 10:27:40.339801
time end: 2019-01-08 10:27:45.357396
duration: 0:00:05.017595
loops: 20
self.scoring: precision_13
best_score: 0.9866666666666667
sfs_type: SFS
num_features: 2
selected_features_idx: (5, 6)
n_neighbors: 2
