time start: 2019-01-08 17:16:38.684724
time end: 2019-01-08 17:16:42.880509
duration: 0:00:04.195785
loops: 20
self.scoring: precision_1
best_score: 1.0
sfs_type: SFS
num_features: 3
selected_features_idx: (0, 4, 5)
n_neighbors: 5
