time start: 2019-01-08 17:17:25.726920
time end: 2019-01-08 17:17:31.272091
duration: 0:00:05.545171
loops: 20
self.scoring: precision_4
best_score: 0.9166666666666666
sfs_type: SFS
num_features: 3
selected_features_idx: (0, 4, 6)
n_neighbors: 3
