time start: 2019-01-08 17:19:08.110120
time end: 2019-01-08 17:19:15.035600
duration: 0:00:06.925480
loops: 20
self.scoring: recall_11
best_score: 0.8857142857142858
sfs_type: SFS
num_features: 6
selected_features_idx: (0, 1, 2, 5, 6, 7)
n_neighbors: 5
