time start: 2019-01-08 17:18:36.145604
time end: 2019-01-08 17:18:41.040513
duration: 0:00:04.894909
loops: 20
self.scoring: recall_9
best_score: 1.0
sfs_type: SFS
num_features: 3
selected_features_idx: (0, 4, 6)
n_neighbors: 5
