time start: 2019-01-08 01:38:49.159112
time end: 2019-01-08 01:38:54.352224
duration: 0:00:05.193112
loops: 20
self.scoring: recall_10
best_score: 0.7857142857142858
sfs_type: SFS
num_features: 3
selected_features_idx: (1, 3, 6)
n_neighbors: 2
