time start: 2019-01-08 17:16:07.675649
time end: 2019-01-08 17:16:14.618083
duration: 0:00:06.942434
loops: 20
self.scoring: recall_macro
best_score: 0.8403361344537815
sfs_type: SFS
num_features: 7
selected_features_idx: (0, 2, 3, 4, 5, 6, 7)
n_neighbors: 1
