time start: 2019-01-08 09:57:45.546854
time end: 2019-01-08 09:57:50.406852
duration: 0:00:04.859998
loops: 20
self.scoring: precision_4
best_score: 0.9073684210526316
sfs_type: SFS
num_features: 3
selected_features_idx: (0, 4, 5)
n_neighbors: 5
