time start: 2019-01-08 01:37:29.442296
time end: 2019-01-08 01:37:35.516052
duration: 0:00:06.073756
loops: 20
self.scoring: precision_5
best_score: 0.9366666666666668
sfs_type: SFS
num_features: 2
selected_features_idx: (0, 5)
n_neighbors: 8
