time start: 2019-01-08 10:28:32.682823
time end: 2019-01-08 10:28:38.220013
duration: 0:00:05.537190
loops: 20
self.scoring: precision_16
best_score: 1.0
sfs_type: SFS
num_features: 2
selected_features_idx: (1, 5)
n_neighbors: 8
