time start: 2019-01-08 17:19:02.938949
time end: 2019-01-08 17:19:08.061252
duration: 0:00:05.122303
loops: 20
self.scoring: f1_score_10
best_score: 0.7324933687002653
sfs_type: SFS
num_features: 5
selected_features_idx: (0, 1, 2, 4, 6)
n_neighbors: 4
