time start: 2019-01-08 17:18:31.529946
time end: 2019-01-08 17:18:36.091746
duration: 0:00:04.561800
loops: 20
self.scoring: f1_score_8
best_score: 0.9212362707535121
sfs_type: SFS
num_features: 3
selected_features_idx: (0, 4, 6)
n_neighbors: 1
