time start: 2019-01-08 17:17:36.658698
time end: 2019-01-08 17:17:41.218491
duration: 0:00:04.559793
loops: 20
self.scoring: recall_5
best_score: 1.0
sfs_type: SFS
num_features: 7
selected_features_idx: (0, 1, 2, 3, 4, 5, 6)
n_neighbors: 6
