time start: 2019-01-08 17:18:17.359840
time end: 2019-01-08 17:18:21.681284
duration: 0:00:04.321444
loops: 20
self.scoring: f1_score_7
best_score: 0.9009852216748768
sfs_type: SFS
num_features: 2
selected_features_idx: (1, 5)
n_neighbors: 4
