time start: 2019-01-08 10:24:50.404289
time end: 2019-01-08 10:24:55.760927
duration: 0:00:05.356638
loops: 20
self.scoring: recall_3
best_score: 0.9285714285714286
sfs_type: SFS
num_features: 2
selected_features_idx: (2, 5)
n_neighbors: 2
