time start: 2019-01-08 09:57:35.825847
time end: 2019-01-08 09:57:40.931193
duration: 0:00:05.105346
loops: 20
self.scoring: f1_score_3
best_score: 0.7023394475980682
sfs_type: SFS
num_features: 3
selected_features_idx: (1, 2, 5)
n_neighbors: 3
