time start: 2019-01-08 17:19:46.602183
time end: 2019-01-08 17:19:52.612111
duration: 0:00:06.009928
loops: 20
self.scoring: recall_13
best_score: 1.0
sfs_type: SFS
num_features: 5
selected_features_idx: (0, 1, 2, 3, 6)
n_neighbors: 5
