time start: 2019-01-08 01:36:29.865620
time end: 2019-01-08 01:36:34.795434
duration: 0:00:04.929814
loops: 20
self.scoring: f1_score_1
best_score: 0.9458005698005698
sfs_type: SFS
num_features: 5
selected_features_idx: (0, 1, 3, 5, 6)
n_neighbors: 3
