time start: 2019-01-08 09:58:05.298030
time end: 2019-01-08 09:58:10.077250
duration: 0:00:04.779220
loops: 20
self.scoring: f1_score_5
best_score: 0.9535187245087136
sfs_type: SFS
num_features: 4
selected_features_idx: (0, 1, 2, 3)
n_neighbors: 6
