time start: 2019-01-08 10:00:04.782498
time end: 2019-01-08 10:00:09.873881
duration: 0:00:05.091383
loops: 20
self.scoring: f1_score_13
best_score: 0.9793103448275863
sfs_type: SFS
num_features: 3
selected_features_idx: (3, 5, 6)
n_neighbors: 2
