time start: 2019-01-08 17:16:28.393244
time end: 2019-01-08 17:16:34.250582
duration: 0:00:05.857338
loops: 20
self.scoring: precision_micro
best_score: 0.8277310924369747
sfs_type: SFS
num_features: 5
selected_features_idx: (0, 3, 4, 5, 6)
n_neighbors: 1
