time start: 2019-01-08 09:58:41.066377
time end: 2019-01-08 09:58:45.440678
duration: 0:00:04.374301
loops: 20
self.scoring: recall_8
best_score: 0.8428571428571429
sfs_type: SFS
num_features: 4
selected_features_idx: (0, 4, 5, 6)
n_neighbors: 5
