time start: 2019-01-08 17:17:51.978716
time end: 2019-01-08 17:17:56.931473
duration: 0:00:04.952757
loops: 20
self.scoring: recall_6
best_score: 0.8571428571428571
sfs_type: SFS
num_features: 4
selected_features_idx: (4, 5, 6, 7)
n_neighbors: 1
