time start: 2019-01-08 10:25:47.759869
time end: 2019-01-08 10:25:52.660762
duration: 0:00:04.900893
loops: 20
self.scoring: precision_6
best_score: 0.9414335664335663
sfs_type: SFS
num_features: 3
selected_features_idx: (4, 6, 7)
n_neighbors: 2
