time start: 2019-01-08 10:00:36.395956
time end: 2019-01-08 10:00:40.887942
duration: 0:00:04.491986
loops: 20
self.scoring: recall_16
best_score: 0.9
sfs_type: SFS
num_features: 2
selected_features_idx: (1, 5)
n_neighbors: 1
