time start: 2019-01-08 09:59:05.013336
time end: 2019-01-08 09:59:09.685839
duration: 0:00:04.672503
loops: 20
self.scoring: f1_score_9
best_score: 0.9156989247311829
sfs_type: SFS
num_features: 4
selected_features_idx: (0, 1, 4, 6)
n_neighbors: 1
