time start: 2019-01-08 09:58:36.720997
time end: 2019-01-08 09:58:41.024487
duration: 0:00:04.303490
loops: 20
self.scoring: f1_score_7
best_score: 0.6855918275273114
sfs_type: SFS
num_features: 2
selected_features_idx: (2, 5)
n_neighbors: 3
