time start: 2019-01-08 10:27:45.404257
time end: 2019-01-08 10:27:50.115657
duration: 0:00:04.711400
loops: 20
self.scoring: f1_score_13
best_score: 0.9862068965517242
sfs_type: SFS
num_features: 4
selected_features_idx: (1, 3, 5, 6)
n_neighbors: 2
