time start: 2019-01-08 09:57:14.637509
time end: 2019-01-08 09:57:20.509805
duration: 0:00:05.872296
loops: 20
self.scoring: precision_2
best_score: 0.96
sfs_type: SFS
num_features: 2
selected_features_idx: (4, 5)
n_neighbors: 1
