time start: 2019-01-08 10:27:21.249852
time end: 2019-01-08 10:27:27.714563
duration: 0:00:06.464711
loops: 20
self.scoring: precision_12
best_score: 1.0
sfs_type: SFS
num_features: 3
selected_features_idx: (0, 3, 6)
n_neighbors: 2
