time start: 2019-01-08 17:19:52.686910
time end: 2019-01-08 17:19:58.829484
duration: 0:00:06.142574
loops: 20
self.scoring: precision_13
best_score: 0.9866666666666667
sfs_type: SFS
num_features: 4
selected_features_idx: (0, 1, 5, 6)
n_neighbors: 1
