time start: 2019-01-08 01:40:50.293167
time end: 2019-01-08 01:40:56.361937
duration: 0:00:06.068770
loops: 20
self.scoring: recall_17
best_score: 1.0
sfs_type: SBS
num_features: 2
selected_features_idx: (4, 5)
n_neighbors: 9
