time start: 2019-01-08 17:18:27.001057
time end: 2019-01-08 17:18:31.483071
duration: 0:00:04.482014
loops: 20
self.scoring: precision_8
best_score: 0.9714285714285715
sfs_type: SFS
num_features: 4
selected_features_idx: (0, 4, 5, 7)
n_neighbors: 4
