time start: 2019-01-08 09:57:55.710669
time end: 2019-01-08 09:58:00.139825
duration: 0:00:04.429156
loops: 20
self.scoring: recall_5
best_score: 1.0
sfs_type: SFS
num_features: 4
selected_features_idx: (0, 1, 2, 7)
n_neighbors: 3
