time start: 2019-01-08 09:57:20.547704
time end: 2019-01-08 09:57:25.946265
duration: 0:00:05.398561
loops: 20
self.scoring: f1_score_2
best_score: 0.9367664519388658
sfs_type: SFS
num_features: 2
selected_features_idx: (4, 5)
n_neighbors: 1
