time start: 2019-01-08 09:59:35.431988
time end: 2019-01-08 09:59:40.757745
duration: 0:00:05.325757
loops: 20
self.scoring: f1_score_11
best_score: 0.8583730158730158
sfs_type: SFS
num_features: 6
selected_features_idx: (0, 1, 2, 3, 5, 6)
n_neighbors: 1
