time start: 2019-01-08 01:39:34.998525
time end: 2019-01-08 01:39:40.621487
duration: 0:00:05.622962
loops: 20
self.scoring: f1_score_12
best_score: 1.0
sfs_type: SBS
num_features: 3
selected_features_idx: (0, 1, 3)
n_neighbors: 1
