time start: 2019-01-08 09:59:30.829341
time end: 2019-01-08 09:59:35.383119
duration: 0:00:04.553778
loops: 20
self.scoring: precision_11
best_score: 0.9133333333333333
sfs_type: SFS
num_features: 3
selected_features_idx: (1, 2, 6)
n_neighbors: 2
