time start: 2019-01-08 10:27:27.784375
time end: 2019-01-08 10:27:34.392703
duration: 0:00:06.608328
loops: 20
self.scoring: f1_score_12
best_score: 1.0
sfs_type: SFS
num_features: 5
selected_features_idx: (0, 1, 2, 3, 6)
n_neighbors: 1
