time start: 2019-01-08 17:21:09.455612
time end: 2019-01-08 17:21:15.613144
duration: 0:00:06.157532
loops: 20
self.scoring: f1_score_17
best_score: 0.993103448275862
sfs_type: SFS
num_features: 3
selected_features_idx: (4, 5, 7)
n_neighbors: 4
